8 8 8 14 8 20 20 20 20 20 8 8 88 8 8
8 8 8 14 8 8 8 8 8 8 8 8 8 8 8
8 8 8 14 8 20 20 20 20 20 8 8 22 8 88
8 8 24 14 8 8 8 8 8 8 8 8 88 8 8
8 8 8 8 12 8 8 8 8 12 12 8 8 8 8
8 12 8 12 12 8 8 12 8 8 8 8 8 8 8
8 8 8 8 8 8 8 8 8 8 8 21 21 21 21
8 8 8 14 8 20 20 20 20 20 8 12 12 12 12
8 8 8 14 8 8 8 8 8 8 8 21 21 21 21
8 8 8 14 8 20 20 20 20 20 8 12 12 12 12
8 8 8 14 14 14 14 14 14 14 14 14 14 14 14
8 8 8 8 8 8 8 8 8 8 15 15 15 15 15
8 8 8 8 8 13 8 8 8 8 15 15 15 15 15
8 13 13 8 8 8 8 8 15 15 15 15 15 15 15
8 8 8 8 8 13 8 8 15 15 15 15 15 15 15