33 33 33 33 33 30 8 8 8 8 8 8 8 8 8
33 33 33 33 33 30 8 12 8 8 8 14 8 8 8
33 33 33 33 33 29 8 8 8 8 8 8 8 8 8
33 33 33 33 30 13 12 8 14 8 8 8 8 8 8
33 33 33 33 29 8 12 8 8 8 8 14 14 14 8
33 33 33 30 8 12 8 8 8 8 14 14 14 14 14
33 33 33 29 8 8 8 14 8 8 14 14 14 14 14
33 33 30 13 12 8 8 8 8 8 14 14 14 14 14
33 32 29 8 8 8 8 8 14 14 14 14 14 14 8
29 8 8 8 88 8 8 8 14 14 14 8 8 8 8
8 13 8 8 8 8 8 8 14 14 8 8 8 13 8
13 8 8 22 8 8 8 8 14 8 28 34 34 34 34
8 88 8 8 8 8 8 8 14 8 27 33 33 33 33
8 8 8 8 88 8 8 13 8 8 27 33 33 33 33
8 8 8 8 8 8 8 8 8 28 33 33 33 33 33