14 14 14 14 14 14 14 14 14 14 14 14 14 14 8
14 14 14 14 14 91 14 14 14 14 14 14 14 8 8
14 14 14 14 14 14 14 14 14 14 14 14 14 8 8
8 8 14 14 14 14 14 14 14 14 14 14 8 13 8
8 8 14 14 14 14 14 14 14 8 8 8 8 8 8
8 8 14 14 14 14 14 8 8 8 8 8 8 8 8
8 8 8 8 8 8 8 8 8 8 8 8 12 8 12
8 13 8 8 8 8 8 8 8 12 8 8 8 8 8
8 8 8 8 8 8 8 12 12 8 8 8 8 8 8
8 8 8 8 8 8 8 12 8 8 8 8 8 8 8
8 8 8 8 8 12 12 12 8 8 8 8 8 13 8
8 8 12 12 8 8 8 13 8 13 8 8 8 8 8
8 8 8 8 8 8 8 8 12 8 8 8 8 8 8
8 8 8 8 13 8 8 8 8 8 12 8 8 8 8
8 8 8 12 8 8 8 8 8 8 8 8 12 8 8