8 8 8 8 8 8 8 8 15 15 15 15 15 15 15
8 8 3 7 6 7 6 8 8 8 8 8 8 8 15
8 24 2 8 8 8 8 1 7 7 7 3 6 8 8
8 8 8 8 5 17 17 17 17 8 8 2 5 8 8
8 24 2 8 5 16 16 16 16 8 8 2 5 13 8
23 8 1 3 4 17 17 17 17 8 8 1 5 8 8
8 8 8 2 8 8 8 8 8 8 8 8 5 92 8
8 8 8 3 7 7 7 9 7 7 7 7 6 8 15
15 8 8 2 8 8 8 8 8 8 8 8 5 8 15
15 15 8 3 9 7 6 9 6 8 8 8 5 8 15
15 15 8 2 18 18 5 18 5 8 8 8 5 8 15
13 8 8 2 18 18 5 18 5 7 9 7 6 8 8
8 8 8 2 18 18 5 18 5 17 8 19 5 8 8
8 8 8 1 7 7 7 7 7 7 7 7 4 8 8
8 8 13 8 8 8 8 8 13 13 8 8 8 8 8