8 8 8 8 8 8 8 8 8 8 8 8 8 8 8
8 8 8 8 8 8 8 13 8 8 8 8 15 8 8
8 8 8 8 12 12 8 8 8 8 8 8 8 8 8
8 13 8 8 8 12 8 15 15 15 8 12 8 8 8
8 13 8 8 24 12 12 8 8 8 8 12 12 12 8
8 8 8 8 8 8 12 12 8 12 12 12 8 8 8
8 8 8 8 8 8 8 12 12 12 8 24 8 8 8
8 12 12 12 8 12 12 12 12 8 8 8 15 8 8
8 8 8 8 8 8 8 12 24 8 8 8 15 15 15
8 8 8 8 8 8 8 8 8 8 8 8 15 15 15
13 8 8 8 8 12 8 8 8 12 8 8 8 8 8
8 8 12 12 12 12 8 15 8 8 8 8 8 8 8
8 8 12 8 8 8 15 15 15 15 8 12 8 8 8
12 12 12 8 8 8 15 15 15 15 8 8 8 8 8
12 8 8 8 8 8 8 8 8 8 8 8 8 8 8