8 8 8 8 8 8 8 8 14 14 14 14 14 14 14
8 3 7 7 6 8 8 8 14 14 14 14 14 14 14
8 2 16 17 5 24 8 8 8 8 14 14 14 14 14
8 2 17 8 8 8 12 12 8 8 8 8 8 8 8
8 2 8 8 5 24 8 12 12 12 8 8 8 8 8
8 2 18 18 5 8 23 8 8 12 8 8 8 8 8
8 1 7 7 4 8 8 8 8 12 8 8 8 8 8
8 8 21 8 8 8 8 8 8 12 12 12 8 8 8
8 8 8 8 8 12 8 8 8 8 13 12 12 8 8
8 8 8 8 8 8 8 8 8 8 8 13 12 12 8
31 8 11 8 8 8 8 8 8 8 8 8 8 8 8
33 34 31 13 8 11 8 8 8 8 14 14 14 8 8
33 33 33 34 31 8 8 8 8 14 14 14 14 8 8
33 33 33 33 30 8 11 8 8 14 14 14 14 14 8
33 33 33 33 30 8 8 8 8 8 14 14 14 14 8