33 33 33 33 30 8 8 8 8 8 14 14 14 14 8
33 33 33 33 33 31 13 8 8 8 14 14 14 14 8
33 33 33 33 33 30 8 8 8 8 14 14 14 14 8
33 33 33 33 33 33 31 8 11 8 14 14 14 14 8
33 33 33 33 33 33 30 8 8 8 8 8 14 14 8
33 33 33 33 33 33 33 31 8 8 8 8 8 8 8
33 33 33 33 33 33 33 33 34 34 31 25 8 8 8
33 33 33 33 33 33 33 33 33 33 30 8 8 12 8
33 33 33 33 33 33 33 33 33 33 29 8 8 8 8
33 33 33 33 33 33 33 33 33 30 8 8 8 8 8
33 33 33 33 33 33 33 33 33 30 8 8 8 13 8
33 33 33 33 33 33 33 32 32 29 8 8 8 8 8
33 33 33 33 33 33 29 8 8 8 12 8 13 8 8
33 33 33 33 33 30 8 12 8 8 8 8 8 8 8
33 33 33 33 33 30 8 12 8 8 8 8 8 8 8