8 8 8 8 8 8 8 8 13 8 8 8 8 8 8
15 15 12 12 15 15 15 8 13 8 8 15 15 15 15
15 15 15 12 12 15 15 15 15 15 15 15 15 15 15
15 15 15 15 12 12 15 15 15 15 15 15 15 15 15
15 15 15 15 15 12 12 15 15 15 15 15 15 15 15
15 15 15 15 15 15 12 12 12 12 12 15 15 15 15
15 15 15 15 15 15 12 15 15 15 12 15 15 15 15
15 15 12 12 15 15 15 15 15 15 12 12 12 12 15
15 15 12 12 12 89 12 12 12 12 15 15 15 12 15
15 15 12 88 12 12 12 12 88 12 15 15 15 12 15
15 15 12 12 12 12 22 12 12 12 15 15 15 12 15
15 15 12 12 88 12 12 12 12 12 15 15 12 12 15
8 15 15 15 15 15 12 15 15 15 15 12 12 15 15
8 8 8 15 15 15 12 12 12 12 12 12 15 15 15
13 8 8 15 15 15 15 15 15 15 15 15 15 15 15