8 8 8 13 8 8 8 8 8 8 8 8 8 8 8
8 8 8 8 8 8 8 8 12 8 8 12 8 15 15
8 8 8 8 8 8 8 8 8 8 8 8 8 15 15
8 8 15 15 8 12 8 8 8 8 8 8 15 15 15
8 8 8 8 8 12 8 13 8 8 8 15 15 15 15
8 13 8 8 12 12 8 8 8 8 8 15 15 15 15
8 8 8 8 8 8 8 8 8 8 8 15 15 15 15
8 8 12 12 12 8 15 8 8 8 8 15 15 15 15
8 90 8 22 90 8 8 8 8 8 8 8 15 15 15
8 13 8 8 8 8 8 8 8 8 8 8 15 15 15
8 28 34 34 31 8 8 8 8 8 8 8 15 15 15
34 33 33 33 30 8 15 15 8 13 8 8 15 15 15
33 33 33 33 33 31 8 15 8 8 8 8 8 8 8
33 33 33 33 33 30 8 15 8 8 8 8 13 8 8
33 33 33 33 33 33 31 8 8 8 8 8 8 8 8